weight 1e-36
0.49770186 1.9369062
0.53366937 1.1580218
0.57223614 0.55203962
0.61359003 0.25479361
0.65793245 0.12131307
0.70547937 0.064393677
0.75646237 0.036209431
0.81112977 0.022868168
0.86974783 0.015770795
0.93260204 0.011422968
0.99999856 0.0085123954
1.0722656 0.0066135912
1.1497552 0.005269283 
1.2328448 0.0042749564 
1.321939 0.0035466948 
1.4174718 0.0029915501 
1.5199085 0.0025699879 
1.629748 0.0024110724 
1.7475253 0.0021298358 
1.873814 0.0019017529 
2.0092292 0.0016844671 
2.1544305 0.0014380544
2.3101251 0.0011467969 
2.4770714 0.00084241002 
2.6560823 0.00057591929 
2.8480299 0.00039048371 
3.053849 0.00027246133 
3.274542 0.00017670408 
3.5111839 0.00013567205 
3.7649272 0.00011808622 
4.0370079 9.8034267e-05 
4.328751 8.487139e-05 
4.6415776 7.6214928e-05 
4.9770113 6.9410977e-05 
5.3366859 6.268065e-05
5.7223531 5.5177406e-05
6.1358914 4.8761194e-05
6.5793149 4.3763186e-05
7.0547834 4.0223986e-05
7.5646127 3.7779628e-05
8.1112859 3.6171157e-05 
8.6974656 3.4634846e-05 
9.3260069 3.3634882e-05
9.999971 3.3180357e-05
10.722641 3.3174412e-05
11.497536 3.3502092e-05
12.32843 3.4097957e-05
13.219371 3.499191e-05 
14.174697 3.6190595e-05 
15.199063 3.7655595e-05
16.297456 3.9129536e-05
17.475227 4.0812727e-05
18.738113 4.2287109e-05
20.092263 4.4028475e-05
21.544274 4.604067e-05 
23.101218 4.8231534e-05
24.770678 4.9730181e-05
26.560785 4.5649606e-05
28.480257 3.4992092e-05
30.538445 2.7515864e-05
32.745372 2.2301432e-05
35.111788 1.8485021e-05
37.649217 1.5757178e-05
40.37002 1.3772748e-05 
43.287447 1.2292847e-05
46.415709 1.0950029e-05 
49.770041 9.9698409e-06 
53.366781 9.2456121e-06 
57.223448 8.726156e-06
61.358825 8.3407695e-06
65.793054 8.078785e-06
70.547732 7.9177553e-06
75.646017 7.8360708e-06
81.112741 7.8269868e-06
86.974529 7.8832991e-06
93.259933 7.9978854e-06
99.999565 8.1669068e-06

