weight 1.0
4 3.3227e-37
5 1.4078e-37 
6 8.718e-38 
7 6.4776e-38
8 5.2662e-38
9 4.5017e-38 
10 4.0034e-38 
12 3.4743e-38 
14 3.1911e-38 
16 3.0801e-38 
18 3.028e-38 
20 3.0118e-38 
24 3.0577e-38 
28 3.1138e-38 
32 3.3189e-38 
36 3.4856e-38 
40 3.6347e-38 
44 3.803e-38 
48 4.0163e-38 
52 4.21e-38 
56 4.4082e-38 
60 4.6568e-38 
65 4.9171e-38 
70 5.1709e-38 
75 5.4501e-38 
80 5.7286e-38 
85 5.9716e-38 
90 6.2802e-38
95 6.5361e-38 
100 6.7822e-38 
150 9.6279e-38 
200 1.2452e-37 
300 1.8137e-37 
400 2.3769e-37 
500 2.9509e-37
