weight 1.0
3.98 1.3598e-36
4.37 3.2568e-37
4.79 1.171e-37
5.25 5.8812e-38
5.75 3.0887e-38
6.31 1.885e-38
6.92 1.1883e-38
7.59 7.9515e-39
8.32 5.6552e-39
9.12 4.1912e-39
10.0 3.1756e-39
10.96 2.5591e-39
12.02 2.1564e-39
13.18 1.8092e-39
14.45 1.5746e-39
15.85 1.4175e-39
17.38 1.2869e-39
19.05 1.1887e-39
20.89 1.1151e-39
22.91 1.0487e-39
25.12 1.0097e-39
31.62 9.619e-40
39.81 9.5666e-40
50.12 1.0162e-39
63.1 1.1049e-39
79.43 1.2219e-39
100.0 1.3983e-39
125.89 1.6301e-39
158.49 1.9073e-39
199.53 2.3113e-39
251.19 2.7965e-39
316.23 3.4106e-39
1000.0 9.7956e-39
3162.3 3.0494e-38
10000.0 9.5605e-38
