weight 1.0
18.74424573470 2.495345727938e-38
19.90368364484 2.392944749894e-38
20.73627358578 2.370543845184e-38
21.82643854113 2.273331953393e-38
23.00751604302 2.190220125736e-38
24.07545548952 2.159655249805e-38
25.08270375051 2.109906238328e-38
25.71454114159 2.109728432471e-38
26.71212059966 2.051622203643e-38
27.99356241301 1.922461818753e-38
28.53122252114 1.922337927864e-38
29.59490815235 1.843597575295e-38
30.69818868864 1.776293472579e-38
31.93542709572 1.776055732883e-38
33.71249040601 1.751218498492e-38
35.53625574183 1.742812360531e-38
36.69926055901 1.710623658116e-38
39.48565568344 1.671036113512e-38
41.74414771601 1.624915700116e-38
44.52102672628 1.580021207769e-38
47.27443621295 1.550693093598e-38
49.54151396855 1.507938986248e-38
51.99282808250 1.500722948917e-38
54.56543321895 1.493541442954e-38
56.59926348204 1.459158480919e-38
59.57425752102 1.432116399009e-38
61.97591110838 1.399133636708e-38
64.94736441821 1.392445175473e-38
67.76380497852 1.354074254009e-38
72.16500348528 1.353785640315e-38
77.52982760782 1.353456829933e-38
78.67275622105 1.353389735586e-38
79.25884937982 1.058682215470e-38
79.50014856323 8.129540957907e-39
79.85769768460 6.478312008787e-39
79.98558720132 4.705632894644e-39
80.10780626640 4.057191929481e-39
80.93360526693 3.945820219709e-39
82.97299381451 3.873039278595e-39
85.06360286012 3.819255449192e-39
87.33460106025 3.766199830477e-39
89.66569638084 3.765863776706e-39
93.68975571022 3.782789851988e-39
97.60830651833 3.799829677534e-39
101.0972239599 3.817021949069e-39
103.4923160135 3.816719202172e-39
107.3498095197 3.728854140213e-39
111.0254341492 3.659966289525e-39
114.4908687849 3.625830325716e-39
118.2376085784 3.575390794966e-39
120.3332751742 3.509529440842e-39
131.3771636269 3.492267595289e-39
140.9374819863 3.491436694127e-39
145.9754495423 3.491021317684e-39
148.1288573508 3.410907806335e-39
150.9739035184 3.410687994220e-39
154.3249218769 3.394669512330e-39
158.6761320850 3.394349782665e-39
165.3120666304 3.441382174435e-39
170.7205881393 3.456986930731e-39
172.2258614621 3.472937901816e-39
173.4824230441 3.881316031042e-39
174.2374407885 4.337757806653e-39
175.2488976687 5.054279137736e-39
175.7590902691 5.293914195500e-39
179.6598847830 5.293520550903e-39
186.3538043701 5.342138895344e-39
196.4347114213 5.341185591798e-39
207.6674603481 5.364979344342e-39
217.3037419038 5.464495900995e-39
228.0541229155 5.540075085854e-39
241.4456566195 5.695146150141e-39
256.7472549052 5.908973378538e-39
271.0308649633 5.990581318857e-39
292.4572766991 6.157865545076e-39
319.2919486647 6.418163946035e-39
352.6952921457 6.627500838060e-39
387.3116234923 7.168352746658e-39
421.6105926655 7.611198893866e-39
459.6163493735 8.194476511968e-39
505.4719456142 8.620162454415e-39
563.2603331652 9.541672104207e-39
635.9717548627 1.075877787443e-38
692.2802220331 1.185479990791e-38
745.8969980095 1.294244087615e-38
789.6904483630 1.355358564819e-38
831.1770683925 1.412825852315e-38
886.4294724050 1.521209648718e-38
950.9010323183 1.653123477899e-38
983.4362006921 1.715352421710e-38

