weight 1.0
5.9585441174 6.66828e-40
6.0199599711 5.67219e-40
6.0820088497 4.75896e-40
6.1446972780 3.57130e-40
6.2080318479 2.57327e-40
6.2720192193 1.97882e-40
6.3366661208 1.57434e-40
6.4019793503 1.13811e-40
6.4679657757 8.43986e-41
6.5346323358 6.92476e-41
6.6019860409 4.97381e-41
6.6700339736 3.58384e-41
6.7387832892 2.94747e-41
6.8082412173 2.21874e-41
6.8784150614 1.58853e-41
6.9493122008 1.34649e-41
7.0209400906 1.10456e-41
7.0933062627 9.17527e-42
7.1664183268 7.81349e-42
7.2402839710 7.15985e-42
7.3149109624 6.09558e-42
7.3903071485 5.15171e-42
7.4664804576 4.62554e-42
7.5434388995 3.97744e-42
7.6211905667 3.38793e-42
7.6997436353 2.96501e-42
7.7791063654 2.65027e-42
7.8592871023 2.26012e-42
7.9402942774 1.93221e-42
8.0221364089 1.77354e-42
8.1048221030 1.55405e-42
8.1883600543 1.36065e-42
8.2727590472 1.24637e-42
8.3580279567 1.13056e-42
8.4441757492 9.94402e-43
8.5312114834 8.97107e-43
8.6191443116 8.22868e-43
8.7079834802 7.27960e-43
8.7977383312 6.39691e-43
8.8884183026 5.87641e-43
8.9800329298 5.31124e-43
9.0725918464 4.76021e-43
9.1661047855 4.42603e-43
9.2605815804 4.10762e-43
9.3560321657 3.69649e-43
9.4524665783 3.39677e-43
9.5498949590 3.17653e-43
9.6483275525 2.88047e-43
9.7477747097 2.61300e-43
9.8482468877 2.44452e-43
9.9497546516 2.25478e-43
10.0523086755 2.06551e-43
10.1559197433 1.92042e-43
10.2605987503 1.80739e-43
10.3663567037 1.68010e-43
10.4732047246 1.55961e-43
10.5811540485 1.45238e-43
10.6902160267 1.34754e-43
10.8004021276 1.25553e-43
10.9117239377 1.18186e-43
11.0241931630 1.09507e-43
11.1378216301 1.01364e-43
11.2526212875 9.38244e-44
11.3686042070 8.85650e-44
11.4857825845 8.20834e-44
11.6041687421 7.64234e-44
11.7237751284 7.09749e-44
11.8446143206 6.61300e-44
11.9666990254 6.13403e-44
12.0900420807 5.85227e-44
12.2146564564 5.47925e-44
12.3405552563 5.14096e-44
12.4677517192 4.88359e-44
12.5962592204 4.60652e-44
12.7260912729 4.34590e-44
12.8572615293 4.07524e-44
12.9897837826 3.90047e-44
13.1236719681 3.67019e-44
13.2589401647 3.44161e-44
13.3956025965 3.27465e-44
13.5336736341 3.13684e-44
13.6731677963 2.91369e-44
13.8140997515 2.81094e-44
13.9564843193 2.66919e-44
14.1003364721 2.51402e-44
14.2456713365 2.41128e-44
14.3925041952 2.28404e-44
14.5408504882 2.18808e-44
14.6907258148 2.10385e-44
14.8421459351 2.00808e-44
14.9951267715 1.92371e-44
15.1496844107 1.84289e-44
15.3058351050 1.77696e-44
15.4635952744 1.69128e-44
15.6229815080 1.61960e-44
15.7840105660 1.53370e-44
15.9466993812 1.46237e-44
16.1110650613 1.40753e-44
16.2771248898 1.36760e-44
16.4448963287 1.33845e-44
16.6143970199 1.27111e-44
16.7856447872 1.22212e-44
16.9586576379 1.19132e-44
17.1334537652 1.15500e-44
17.3100515496 1.09453e-44
17.4884695611 1.05613e-44
17.6687265612 1.03362e-44
17.8508415047 1.00833e-44
18.0348335417 9.54478e-45
18.2207220198 9.14376e-45
18.4085264860 8.93239e-45
18.5982666888 8.55156e-45
18.7899625801 8.13571e-45
18.9836343176 7.88730e-45
19.1793022668 7.55628e-45
19.3769870029 7.15274e-45
19.5767093134 6.96448e-45
19.7784902000 6.72324e-45
19.9823508807 6.44077e-45
20.1883127925 6.20293e-45
20.3963975931 6.05403e-45
20.6066271634 5.84097e-45
20.8190236102 5.75898e-45
21.0336092678 5.57484e-45
21.2504067008 5.34882e-45
21.4694387064 5.15155e-45
21.6907283168 5.10243e-45
21.9142988014 4.93562e-45
22.1401736699 4.84017e-45
22.3683766737 4.76012e-45
22.5989318096 4.65968e-45
22.8318633214 4.57197e-45
23.0671957028 4.48162e-45
23.3049537000 4.38822e-45
23.5451623144 4.37428e-45
23.7878468050 4.27019e-45
24.0330326910 4.20763e-45
24.2807457547 4.03085e-45
24.5310120445 3.90796e-45
24.7838578767 3.85615e-45
25.0393098392 3.76223e-45
25.2973947940 3.69142e-45
25.5581398798 3.50116e-45
25.8215725150 3.45416e-45
26.0877204008 3.35681e-45
26.3566115237 3.27694e-45
26.6282741589 3.23800e-45
26.9027368728 3.16042e-45
27.1800285264 3.06010e-45
27.4601782780 2.96361e-45
27.7432155868 2.90518e-45
28.0291702151 2.84122e-45
28.3180722326 2.83559e-45
28.6099520184 2.76812e-45
28.9048402649 2.74876e-45
29.2027679810 2.66969e-45
29.5037664950 2.61480e-45
29.8078674583 2.57477e-45
30.1151028484 2.51350e-45
30.4255049724 2.51309e-45
30.7391064704 2.48246e-45
31.0559403190 2.45290e-45
31.3760398347 2.45250e-45
31.6994386773 2.39415e-45
32.0261708537 2.39376e-45
32.3562707211 2.33960e-45
32.6897729909 2.30864e-45
33.0267127324 2.29382e-45
33.3671253762 2.22655e-45
33.7110467183 2.22620e-45
34.0585129234 2.20233e-45
34.4095605291 2.17287e-45
34.7642264496 2.16053e-45
35.1225479796 2.12083e-45
35.4845627981 2.12048e-45
35.8503089726 2.12014e-45
36.2198249629 2.11980e-45
36.5931496251 2.08424e-45
36.9703222160 2.06903e-45
37.3513823969 2.06869e-45
37.7363702380 2.06836e-45
38.1253262224 2.01668e-45
38.5182912505 1.99481e-45
38.9153066443 1.99449e-45
39.3164141516 1.99417e-45
39.7216559508 1.96067e-45
40.1310746546 1.92326e-45
40.5447133154 1.92295e-45
40.9626154289 1.92264e-45
41.3848249394 1.92233e-45
41.8113862441 1.92202e-45
42.2423441977 1.92171e-45
42.6777441174 1.92140e-45
43.1176317873 1.92109e-45
43.5620534635 1.92078e-45
44.0110558790 1.92048e-45
44.4646862482 1.92017e-45
44.9229922723 1.87447e-45
45.3860221443 1.87417e-45
45.8538245537 1.87387e-45
46.3264486921 1.87357e-45
46.8039442577 1.87327e-45
47.2863614615 1.87296e-45
47.7737510317 1.87266e-45
48.2661642194 1.87236e-45
48.7636528040 1.87206e-45
49.2662690985 1.87176e-45
49.7740659553 1.87146e-45
50.2870967714 1.87115e-45
50.8054154942 1.87085e-45
51.3290766273 1.87055e-45
51.8581352358 1.87025e-45
52.3926469525 1.86995e-45
52.9326679837 1.86965e-45
53.4782551149 1.86934e-45
54.0294657171 1.86904e-45
54.5863577523 1.86874e-45
55.1489897802 1.86844e-45
55.7174209640 1.86814e-45
56.2917110768 1.86784e-45
56.8719205075 1.86754e-45
57.4581102678 1.86724e-45
58.0503419981 1.86693e-45
58.6486779740 1.86663e-45
59.2531811133 1.86633e-45
59.8639149821 1.86603e-45
60.4809438016 1.86573e-45
61.1043324551 1.86543e-45
61.7341464948 1.86513e-45
62.3704521481 1.86483e-45
63.0133163255 1.86453e-45
63.6628066270 1.86423e-45
64.3189913491 1.86393e-45
64.9819394927 1.86363e-45
65.6517207696 1.86333e-45
66.3284056101 1.86303e-45
67.0120651708 1.86273e-45
67.7027713412 1.86242e-45
68.4005967523 1.86212e-45
69.1056147833 1.86182e-45
69.8178995699 1.88433e-45
70.5375260121 1.90628e-45
71.2645697816 1.90598e-45
71.9991073303 1.93188e-45
72.7412158979 1.97497e-45
73.4909735205 1.97465e-45
74.2484590383 1.97434e-45
75.0137521042 2.03469e-45
75.7869331920 2.04581e-45
76.5680836052 2.04548e-45
77.3572854851 2.06713e-45
78.1546218196 2.09432e-45
78.9601764522 2.09398e-45
79.7740340905 2.12535e-45
80.5962803151 2.14399e-45
81.4270015888 2.14364e-45
82.2662852654 2.14330e-45
83.1142195995 2.14295e-45
83.9708937549 2.14759e-45
84.8363978146 2.19365e-45
85.7108227901 2.19377e-45
86.5942606311 2.19342e-45
87.4868042349 2.19306e-45
88.3885474563 2.19271e-45
89.2995851175 2.21661e-45
90.2200130181 2.26415e-45
91.1499279451 2.27172e-45
92.0894276831 2.27135e-45
93.0386110245 2.27099e-45
93.9975777801 2.29403e-45
94.9664287895 2.35320e-45
95.9452659315 2.35282e-45
96.9341921351 2.35244e-45
97.9333113902 2.35206e-45
98.9427287585 2.35168e-45
99.9625503846 2.40822e-45
100.9928835073 2.40784e-45
102.0338364705 2.40745e-45
103.0855187350 2.46215e-45
104.1480408897 2.46494e-45
105.2215146634 2.46454e-45
106.3060529366 2.48240e-45
107.4017697531 2.52339e-45
108.5087803325 2.52299e-45
109.6272010815 2.52258e-45
110.7571496071 2.59745e-45
111.8987447282 2.61390e-45
113.0521064886 2.61347e-45
114.2173561692 2.66492e-45
115.3946163010 2.70808e-45
116.5840106782 2.70764e-45
117.7856643706 2.71318e-45
118.9997037375 2.77137e-45
120.2262564403 2.77186e-45
121.4654514563 2.77141e-45
122.7174190924 2.81555e-45
123.9822909982 2.83759e-45
125.2602001807 2.83713e-45
126.5512810175 2.86043e-45
127.8556692714 2.90488e-45
129.1735021045 2.90441e-45
130.5049180926 2.90603e-45
131.8500572399 2.99861e-45
133.2090609936 3.00907e-45
134.5820722588 3.00858e-45
135.9692354138 3.08869e-45
137.3706963246 3.11749e-45
138.7866023611 3.11699e-45
140.2171024118 3.13792e-45
141.6623469002 3.19142e-45
143.1224877998 3.19091e-45
144.5976786509 3.19039e-45
146.0880745762 3.25632e-45
147.5938322974 3.26658e-45
149.1151101513 3.26605e-45
150.6520681069 3.30823e-45
152.2048677821 3.34404e-45
153.7736724606 3.34351e-45
155.3586471088 3.36096e-45
156.9599583938 3.46454e-45
158.5777747005 3.46398e-45
160.2122661492 3.46342e-45
161.8636046139 3.57221e-45
163.5319637399 3.58880e-45
165.2175189624 3.58822e-45
166.9204475250 3.62916e-45
168.6409284978 3.67390e-45
170.3791427971 3.67331e-45
172.1352732036 3.68701e-45
173.9095043820 3.76103e-45
175.7020229004 3.76042e-45
177.5130172500 3.75982e-45
179.3426778647 3.80217e-45
181.1911971412 3.84960e-45
183.0587694594 3.84898e-45
184.9455912026 3.84836e-45
186.8518607783 3.97048e-45
188.7777786391 3.98767e-45
190.7235473036 3.99659e-45
192.6893713778 4.08231e-45
194.6754575766 4.13136e-45
196.6820147457 4.13069e-45
198.7092538833 4.16482e-45
200.7573881623 4.22933e-45
202.8266329530 4.22865e-45
204.9172058454 4.22797e-45
207.0293266725 4.32963e-45
209.1632175328 4.32893e-45
211.3191028142 4.32823e-45
213.4972092176 4.41788e-45
215.6977657801 4.43159e-45
217.9210038999 4.43087e-45
220.1671573603 4.50782e-45
222.4364623538 4.59127e-45
224.7291575079 4.59053e-45
227.0454839093 4.65494e-45
229.3856851300 4.75671e-45
231.7500072521 4.75594e-45
234.1386988945 4.75517e-45
236.5520112384 4.85436e-45
238.9901980542 4.86872e-45
241.4535157277 4.86794e-45
243.9422232875 4.93174e-45
246.4565824321 4.98418e-45
248.9968575572 4.98338e-45
251.5633157838 5.01036e-45
254.1562269861 5.10238e-45
256.7758638201 5.10156e-45
259.4225017518 5.10074e-45
262.0964190868 5.23780e-45
264.7978969991 5.28538e-45
267.5272195609 5.28453e-45
270.2846737722 5.40874e-45
273.0705495914 5.47583e-45
275.8851399654 5.47495e-45
278.7287408606 5.51886e-45
281.6016512941 5.60569e-45
284.5041733648 5.60478e-45
287.4366122855 5.60388e-45
290.3992764149 5.73862e-45
293.3924772900 5.73770e-45
296.4165296590 5.73677e-45
299.4717515140 5.85419e-45
302.5584641250 5.87377e-45
305.6769920731 5.87282e-45
308.8276632851 6.02962e-45
312.0108090678 6.08541e-45
315.2267641428 6.08443e-45
318.4758666817 6.16832e-45
321.7584583418 6.30469e-45
325.0748843019 6.30367e-45
328.4254932986 6.30265e-45
331.8106376630 6.45420e-45
335.2306733576 6.45316e-45
338.6859600142 6.47567e-45
342.1768609711 6.60726e-45
345.7037433117 6.60620e-45
349.2669779031 6.60513e-45
352.8669394348 6.71999e-45
356.5040064584 6.76286e-45
360.1785614273 6.76420e-45
363.8909907370 6.97717e-45
367.6416847655 7.00654e-45
371.4310379147 7.00541e-45
375.2594486513 7.18935e-45
379.1273195496 7.25901e-45
383.0350573328 7.25784e-45
386.9830729167 7.30396e-45
390.9717814521 7.43115e-45
395.0016023692 7.42995e-45
399.0729594211 7.50968e-45
403.1862807287 7.60738e-45
407.3419988256 7.60615e-45
411.5405507037 7.78904e-45
415.7823778588 7.78779e-45
420.0679263376 7.78653e-45
424.3976467841 7.99883e-45
428.7719944872 8.06840e-45
433.1914294286 8.10703e-45
437.6564163311 8.35987e-45
442.1674247074 8.35913e-45
446.7249289097 8.41487e-45
451.3294081793 8.55874e-45
455.9813466973 8.55736e-45
460.6812336351 8.65188e-45
465.4295632064 8.76171e-45
470.2268347187 8.81358e-45
475.0735526257 8.97094e-45
479.9702265811 8.96949e-45
484.9173714914 8.96804e-45
489.9155075702 9.25617e-45
494.9651603935 9.29268e-45
500.0668609540 9.45542e-45
505.2211457178 9.62908e-45
510.4285566803 9.62752e-45
515.6896414235 9.62597e-45
521.0049531731 9.78492e-45
526.3750508574 9.85584e-45
531.8004991655 9.85425e-45
537.2818686068 9.94091e-45
542.8197355711 1.00896e-44
548.4146823892 1.00879e-44
554.0672973941 1.00994e-44
559.7781749828 1.03160e-44
565.5479156789 1.03272e-44
571.3771261958 1.03255e-44
577.2664195001 1.05129e-44
583.2164148767 1.06993e-44
589.2277379935 1.06976e-44
595.3010209673 1.07756e-44
601.4369024300 1.10067e-44
607.6360275963 1.10830e-44
613.8990483312 1.12124e-44
620.2266232185 1.13477e-44
626.6194176301 1.13459e-44
633.0781037963 1.15282e-44
639.6033608758 1.16168e-44
646.1958750279 1.17437e-44
652.8563394841 1.18942e-44
659.5854546211 1.19632e-44
666.3839280346 1.23248e-44
673.2524746137 1.23228e-44
680.1918166159 1.25768e-44
687.2026837430 1.27689e-44
694.2858132184 1.27668e-44
701.4419498637 1.30738e-44
708.6718461779 1.30717e-44
715.9762624160 1.31948e-44
723.3559666691 1.33838e-44
730.8117349452 1.33817e-44
738.3443512507 1.37034e-44
745.9546076728 1.37012e-44
753.6433044633 1.36990e-44
761.4112501218 1.41164e-44
769.2592614818 1.41949e-44
777.1881637956 1.43972e-44
785.1987908218 1.47088e-44
793.2919849126 1.47064e-44
801.4685971026 1.48670e-44
809.7294871980 1.50576e-44
818.0755238674 1.50551e-44
826.5075847328 1.52017e-44
835.0265564619 1.54146e-44
843.6333348618 1.54122e-44
852.3288249725 1.57827e-44
861.1139411626 1.57802e-44
869.9896072253 1.59220e-44
878.9567564753 1.63514e-44
888.0163318475 1.63488e-44
897.1692859955 1.65675e-44
906.4165813923 1.69228e-44
915.7591904310 1.69379e-44
925.1980955277 1.71336e-44
934.7342892243 1.73424e-44
944.3687742929 1.73525e-44
954.1025638415 1.77246e-44
963.9366814203 1.77536e-44
973.8721611297 1.80559e-44
983.9100477283 1.81776e-44
994.0513967436 1.77451e-44
