weight 1.0
6.040 2.310e-33
6.040 2.210e-33
6.040 2.130e-33
6.040 2.050e-33
6.050 1.910e-33
6.080 1.790e-33
6.110 1.710e-33
6.120 1.650e-33
6.120 1.590e-33
6.130 1.480e-33
6.160 1.380e-33
6.160 1.320e-33
6.160 1.270e-33
6.190 1.230e-33
6.200 1.180e-33
6.200 1.140e-33
6.200 1.100e-33
6.210 1.020e-33
6.240 9.580e-34
6.270 9.140e-34
6.280 8.810e-34
6.280 8.490e-34
6.280 8.190e-34
6.280 7.890e-34
6.280 7.610e-34
6.290 7.080e-34
6.340 6.620e-34
6.370 6.330e-34
6.370 6.100e-34
6.370 5.880e-34
6.370 5.670e-34
6.370 5.460e-34
6.380 5.080e-34
6.430 4.760e-34
6.450 4.540e-34
6.450 4.380e-34
6.450 4.220e-34
6.450 4.070e-34
6.450 3.920e-34
6.450 3.780e-34
6.460 3.560e-34
6.530 3.280e-34
6.540 3.150e-34
6.540 3.030e-34
6.540 2.920e-34
6.540 2.820e-34
6.540 2.720e-34
6.540 2.560e-34
6.620 2.360e-34
6.620 2.260e-34
6.620 2.180e-34
6.620 2.100e-34
6.620 2.020e-34
6.620 1.950e-34
6.640 1.820e-34
6.690 1.700e-34
6.710 1.620e-34
6.710 1.560e-34
6.710 1.510e-34
6.710 1.450e-34
6.710 1.400e-34
6.720 1.300e-34
6.780 1.220e-34
6.800 1.160e-34
6.800 1.120e-34
6.800 1.080e-34
6.800 1.040e-34
6.800 1.010e-34
6.810 9.360e-35
6.870 8.750e-35
6.890 8.370e-35
6.890 8.060e-35
6.890 7.770e-35
6.890 7.490e-35
6.890 7.220e-35
6.910 6.720e-35
6.940 6.300e-35
6.970 6.010e-35
6.980 5.790e-35
6.980 5.580e-35
7 5.200e-35
7.050 4.860e-35
7.080 4.640e-35
7.090 4.320e-35
7.150 4.040e-35
7.170 3.860e-35
7.190 3.600e-35
7.240 3.360e-35
7.270 3.210e-35
7.280 2.990e-35
7.340 2.800e-35
7.370 2.670e-35
7.370 2.520e-35
7.450 2.320e-35
7.460 2.220e-35
7.470 2.100e-35
7.550 1.930e-35
7.560 1.850e-35
7.570 1.750e-35
7.650 1.610e-35
7.660 1.540e-35
7.670 1.450e-35
7.760 1.340e-35
7.770 1.280e-35
7.770 1.210e-35
7.860 1.110e-35
7.880 1.030e-35
7.950 9.630e-36
7.990 8.890e-36
8.050 8.310e-36
8.100 7.670e-36
8.150 7.190e-36
8.190 6.890e-36
8.240 6.430e-36
8.270 6.140e-36
8.310 5.900e-36
8.380 5.540e-36
8.430 5.120e-36
8.480 4.790e-36
8.520 4.600e-36
8.580 4.290e-36
8.610 4.100e-36
8.650 3.940e-36
8.710 3.710e-36
8.750 3.550e-36

      8.810 3.320e-36
8.840 3.170e-36
8.880 3.040e-36
8.930 2.860e-36
8.970 2.730e-36
9 2.630e-36
9.050 2.500e-36
9.120 2.340e-36
9.170 2.240e-36
9.240 2.100e-36
9.290 2.010e-36
9.360 1.880e-36
9.420 1.800e-36
9.490 1.680e-36
9.540 1.610e-36
9.620 1.510e-36
9.670 1.440e-36
9.740 1.350e-36
9.800 1.290e-36
9.870 1.210e-36
9.930 1.150e-36
10 1.050e-36
10.20 9.580e-37
10.30 8.710e-37
10.50 7.970e-37
10.60 7.250e-37
10.80 6.630e-37
10.90 6.120e-37
10.90 5.880e-37
11 5.520e-37
11.20 5.090e-37
11.20 4.890e-37
11.30 4.640e-37
11.50 4.260e-37
11.60 3.880e-37
11.80 3.550e-37
11.90 3.230e-37
12.10 2.990e-37
12.20 2.770e-37
12.40 2.580e-37
12.60 2.390e-37
12.70 2.220e-37
12.90 2.070e-37
13.10 1.920e-37
13.30 1.780e-37
13.50 1.670e-37
13.50 1.610e-37
13.60 1.560e-37
13.80 1.480e-37
14 1.380e-37
14.20 1.270e-37
14.40 1.200e-37
14.50 1.160e-37
14.50 1.120e-37
14.80 1.060e-37

      15 9.850e-38
15.20 9.260e-38
15.30 8.940e-38
15.30 8.660e-38
15.60 8.150e-38

      15.80 7.710e-38
15.90 7.440e-38
16 7.200e-38
16.20 6.900e-38
16.50 6.420e-38
16.60 6.220e-38
16.90 5.960e-38
17.20 5.550e-38
17.30 5.370e-38
17.60 5.140e-38
17.90 4.790e-38
18 4.630e-38
18.30 4.440e-38
18.60 4.130e-38
18.70 4.000e-38
19 3.830e-38
19.30 3.670e-38
19.40 3.550e-38
19.50 3.450e-38
19.80 3.310e-38
20.60 2.930e-38
21.40 2.650e-38
21.80 2.540e-38
22 2.510e-38
22.20 2.480e-38
22.60 2.370e-38
22.90 2.290e-38
23.20 2.210e-38
23.50 2.130e-38
23.80 2.050e-38
24.10 1.980e-38
24.50 1.890e-38
24.80 1.870e-38
25.10 1.850e-38
25.50 1.770e-38
25.80 1.700e-38
26.10 1.640e-38
26.50 1.580e-38
26.80 1.530e-38
27.20 1.470e-38
27.60 1.420e-38
28.10 1.370e-38
28.70 1.320e-38
29.10 1.270e-38
29.40 1.220e-38
29.80 1.180e-38
30.80 1.140e-38
31.70 1.090e-38
32.40 1.080e-38
32.90 1.060e-38
34.20 1.020e-38
35.30 9.820e-39
35.80 9.790e-39
36.40 9.670e-39
36.90 9.560e-39
37.40 9.460e-39
38.30 9.440e-39
38.90 9.320e-39
39.40 9.210e-39
40.40 9.100e-39
41 8.980e-39
41.60 8.880e-39
42.60 8.770e-39
43.20 8.660e-39
43.80 8.560e-39
44.40 8.480e-39
45 8.480e-39
45.60 8.480e-39
46.20 8.480e-39
46.80 8.480e-39
47.50 8.480e-39
48.10 8.480e-39
48.70 8.590e-39
49.40 8.630e-39
50.10 8.630e-39
50.70 8.590e-39
51.40 8.480e-39
52.10 8.480e-39
53.30 8.450e-39
54.80 8.330e-39
55.70 8.320e-39
56.40 8.320e-39
57.20 8.320e-39
57.90 8.320e-39
58.70 8.320e-39
59.50 8.320e-39
60.30 8.320e-39
61.10 8.320e-39
61.90 8.320e-39
62.70 8.320e-39
63.50 8.320e-39
64.40 8.320e-39
65.30 8.320e-39
66.30 8.350e-39
67.60 8.460e-39
68.80 8.480e-39
69.70 8.480e-39
70.70 8.590e-39
71.60 8.630e-39
72.80 8.660e-39
74.20 8.780e-39
75.50 8.790e-39
76.50 8.910e-39
77.50 8.960e-39
78.80 8.990e-39
80.30 9.110e-39
81.80 9.120e-39
82.80 9.250e-39
84 9.290e-39
85.10 9.290e-39
86.40 9.330e-39
88.20 9.450e-39
89.70 9.460e-39
90.90 9.460e-39
92.10 9.600e-39
93.60 9.680e-39
95.50 9.810e-39
97.10 9.820e-39
98.40 9.960e-39
100 1.000e-38
102 1.020e-38
104 1.030e-38
105 1.040e-38
108 1.060e-38
110 1.080e-38
112 1.100e-38
114 1.110e-38
115 1.120e-38
118 1.130e-38
120 1.120e-38
122 1.120e-38
124 1.170e-38
127 1.200e-38
130 1.220e-38
132 1.240e-38
134 1.250e-38
137 1.270e-38
139 1.290e-38
142 1.320e-38
145 1.340e-38
147 1.350e-38
150 1.370e-38
152 1.390e-38
155 1.400e-38
157 1.420e-38
161 1.450e-38
164 1.470e-38
167 1.490e-38
170 1.500e-38
173 1.530e-38
176 1.560e-38
179 1.560e-38
182 1.590e-38
187 1.620e-38
190 1.640e-38
194 1.670e-38
197 1.680e-38
200 1.710e-38
205 1.740e-38
208 1.770e-38
213 1.810e-38
216 1.840e-38
222 1.880e-38
225 1.910e-38
231 1.950e-38
234 1.980e-38
240 2.020e-38
244 2.050e-38
253 2.110e-38
262 2.200e-38
267 2.250e-38
272 2.290e-38
278 2.330e-38
283 2.370e-38
289 2.420e-38
295 2.460e-38
301 2.510e-38
307 2.550e-38
312 2.590e-38
317 2.610e-38
323 2.650e-38
329 2.690e-38
334 2.710e-38
341 2.750e-38
347 2.790e-38
353 2.810e-38
358 2.860e-38
367 2.920e-38
374 2.960e-38
381 3.000e-38
387 3.030e-38
395 3.070e-38
403 3.130e-38
411 3.180e-38
419 3.250e-38
427 3.300e-38
436 3.370e-38
445 3.430e-38
454 3.490e-38
463 3.550e-38
475 3.690e-38
485 3.760e-38
494 3.830e-38
504 3.900e-38
514 3.970e-38
528 4.120e-38
545 4.250e-38
564 4.430e-38
583 4.570e-38
603 4.770e-38
615 4.860e-38
628 4.950e-38
639 4.960e-38
649 5.050e-38
662 5.130e-38
675 5.240e-38
689 5.330e-38
701 5.330e-38
712 5.430e-38
726 5.530e-38
741 5.640e-38
756 5.730e-38
771 5.850e-38
786 5.950e-38
802 6.070e-38
818 6.170e-38
833 6.180e-38
846 6.290e-38
863 6.400e-38
878 6.410e-38
892 6.530e-38
910 6.640e-38
935 6.890e-38
964 7.110e-38
992 7.380e-38
1030 7.700e-38
1050 7.850e-38
1070 7.980e-38
1090 8.140e-38
1110 8.280e-38
1150 8.550e-38
1190 8.920e-38
1210 9.090e-38
1230 9.250e-38
1260 9.430e-38
1280 9.600e-38
1310 9.790e-38
1340 9.960e-38
1370 1.030e-37
1400 1.050e-37
1430 1.070e-37
1460 1.090e-37
1490 1.110e-37
1520 1.130e-37
1550 1.150e-37
1600 1.190e-37
1650 1.240e-37
1690 1.270e-37
1720 1.290e-37
1750 1.310e-37
1790 1.340e-37
1850 1.380e-37
1910 1.440e-37
1950 1.470e-37
1990 1.490e-37
2030 1.520e-37
2070 1.550e-37
2130 1.610e-37
2170 1.640e-37
2210 1.670e-37
2260 1.700e-37
2300 1.730e-37
2370 1.790e-37
2410 1.830e-37
2460 1.860e-37
2540 1.920e-37
2630 2.000e-37
2680 2.040e-37
2730 2.080e-37
2820 2.140e-37
2920 2.240e-37
3020 2.310e-37
3120 2.410e-37
3190 2.460e-37
3240 2.500e-37
3320 2.560e-37
3370 2.600e-37
3490 2.670e-37
3610 2.790e-37
3690 2.840e-37
3750 2.900e-37
3880 2.990e-37
4020 3.110e-37
4100 3.180e-37
4180 3.230e-37
4270 3.300e-37
4350 3.350e-37
4440 3.420e-37
4530 3.480e-37
4620 3.550e-37
4690 3.620e-37
4810 3.690e-37
4880 3.750e-37
5000 3.830e-37
5080 3.890e-37
5200 3.980e-37
5310 4.030e-37
5420 4.110e-37
5520 4.180e-37
5640 4.260e-37
5750 4.340e-37
5860 4.420e-37
5980 4.500e-37
6100 4.590e-37
6220 4.670e-37
6330 4.740e-37
6440 4.780e-37
6560 4.840e-37
6700 4.940e-37
6830 5.020e-37
7050 5.180e-37
7300 5.410e-37
7450 5.520e-37
7590 5.610e-37
7840 5.790e-37
8110 6.040e-37
8380 6.230e-37
8670 6.500e-37
8850 6.630e-37
8990 6.760e-37
9210 6.900e-37
9390 7.000e-37
9610 7.120e-37

 
