highpt	150	10000 	0.13 	10.00
highpt 	750 	10000 	0.00 	0.01
highpt 	750 	10000 	0.01 	0.13
highpt 	500 	750 	0.00 	0.03 
highpt 	500 	750  	0.03	0.13
highpt 	150	400	0.00	0.13
highpt 	400	500	0.00	0.045
highpt	400	500	0.045	0.13
hzbb 	150	10000	0.00	10.00
highres	600 	10000	0.01	10.00
highres 150	600	0.175	10.00
highres	150	400	0.00	0.175
highres	400	600	0.00	0.025
highres 400	600	0.025	0.175
highres	600	950	0.00	0.01
highres	950	10000	0.00	0.01
lowres	500	10000	0.01	10.00
lowres	150	500	0.15	10.00
lowres	150	400	0.00	0.15
lowres 	400	500	0.00	0.015
lowres 	400	500	0.015	0.15
lowres 	500	800	0.00	0.01	
lowres	800	10000	0.00	0.01
