highpt 1250   10000    0.00   1.00               10.6271
highpt 625   1250    0.021   1.00               11.9695
highpt 625   1250    0.00   0.021               86.8762
highpt 312.5   625    0.072   1.00               10.2483
highpt 312.5   625    0.047   0.072               37.8952
highpt 312.5   625    0.022   0.047               145.093
highpt 312.5   625    0.00   0.022               237.043
highpt 150   312.5    0.128   1.00               10.1236
highpt 150   312.5    0.103   0.128               11.4103
highpt 150   312.5    0.078   0.103               26.9336
highpt 150   312.5    0.053   0.078               68.2053
highpt 150   312.5    0.028   0.053               136.247
highpt 150   312.5    0.00   0.028               129.476
highpt 1000  2000   0.00  1.00    23.5461
highpt 500  1000   0.034  1.00    11.2822
highpt 500  1000   0.00  0.034    160.513
highpt 250  500   0.094  1.00    10.05
highpt 250  500   0.069  0.094    25.1064
highpt 250  500   0.044  0.069    90.2721
highpt 250  500   0.00  0.044    428.571
highpt 150  250   0.121  1.00    10.3141
highpt 150  250   0.071  0.121    30.3972
highpt 150  250   0.046  0.071    41.4694
highpt 150  250   0.00  0.046    89.2993
highres 950  2000   0.00  1.00    10.8079
highres 475  950   0.018  1.00    12.2585
highres 475  950   0.00  0.018    123.052
highres 237.5  475   0.085  1.00    10.1561
highres 237.5  475   0.06  0.085    25.6224
highres 237.5  475   0.035  0.06    91.3445
highres 237.5  475   0.00  0.035    622.575
highres 150  237.5   0.178  1.00    10.1163
highres 150  237.5   0.153  0.178    11.2049
highres 150  237.5   0.128  0.153    23.7714
highres 150  237.5   0.103  0.128    53.0068
highres 150  237.5   0.078  0.103    112.55
highres 150  237.5   0.053  0.078    237.998
highres 150  237.5   0.028  0.053    419.993
highres 150  237.5   0.00  0.028    458.836
lowres 800  2000   0.00  1.00    12.3107
lowres 400  800   0.02  1.00    11.054
lowres 400  800   0.00  0.02    105.905
lowres 200  400   0.098  1.00    10.6461
lowres 200  400   0.073  0.098    19.5954
lowres 200  400   0.048  0.073    54.7161
lowres 200  400   0.023  0.048    156.706
lowres 200  400   0.00  0.023    301.327
lowres 150  200   0.149  1.00    10.9178
lowres 150  200   0.124  0.149    11.107
lowres 150  200   0.099  0.124    25.6765
lowres 150  200   0.074  0.099    48.506
lowres 150  200   0.049  0.074    95.6523
lowres 150  200   0.00  0.049    261.933
hzbb 150 2000 0.00 1.00
