highpt 200 300 0.00 0.05
highpt 200 300 0.05 0.10
highpt 300 500 0.00 0.05 
highpt 300 500 0.05 0.10 
highpt 500 1600 0.00 0.05 
highres 150 250 0.00 0.05 
highres 150 250 0.05 0.10 
highres 150 250 0.10 0.15 
highres 250 400 0.00 0.05 
highres 250 400 0.05 0.10 
highres 400 1400 0.00 0.05 
lowres 150 200 0.00 0.05 
lowres 150 200 0.05 0.10 
lowres 150 200 0.10 0.15 
lowres 200 250 0.00 0.05 
lowres 200 250 0.05 0.15 
lowres 250 400 0.00 0.05 
lowres 250 400 0.05 0.15 
lowres 400 1200 0.00 0.05
